 0011-1414 0710 0909 1109 1210 1111-0612 1111 1210 1109 1007 0000 0000 0000 0000 0000
 0011-1414 0710 0909 1109 1210 1111-0612 1111 1210 1109 1007 0000 0000 0000 0000 0000
 0011-1414 0710 0909 1109 1210 1111-0612 1111 1210 1109 1007 0000 0000 0000 0000 0000
 0011-1414 0710 0909 1109 1210 1111-0612 1111 1210 1109 1007 0000 0000 0000 0000 0000
 0011-1414 0710 0909 1109 1210 1111-0612 1111 1210 1109 1007 0000 0000 0000 0000 0000
 0011-1414 0710 0909 1109 1210 1111-0612 1111 1210 1109 1007 0000 0000 0000 0000 0000
 0011-1414 0710 0909 1109 1210 1111-0612 1111 1210 1109 1007 0000 0000 0000 0000 0000
 0011-1414 0710 0909 1109 1210 1111-0612 1111 1210 1109 1007 0000 0000 0000 0000 0000
 0011-1414 0710 0909 1109 1210 1111-0612 1111 1210 1109 1007 0000 0000 0000 0000 0000
 0011-1414 0710 0909 1109 1210 1111-0612 1111 1210 1109 1007 0000 0000 0000 0000 0000
 0011-1414 0710 0909 1109 1210 1111-0612 1111 1210 1109 1007 0000 0000 0000 0000 0000
 0011-1414 0710 0909 1109 1210 1111-0612 1111 1210 1109 1007 0000 0000 0000 0000 0000
 0011-1414 0710 0909 1109 1210 1111-0612 1111 1210 1109 1007 0000 0000 0000 0000 0000
 0011-1414 0710 0909 1109 1210 1111-0612 1111 1210 1109 1007 0000 0000 0000 0000 0000
 0005-0910 1109 1111 0911 0909 0000 0000 0000 0000 0000 0000 0000 0000 0000 0000 0000
 0005-0910 1109 1111 0911 0909 0000 0000 0000 0000 0000 0000 0000 0000 0000 0000 0000
 0005-0910 1109 1111 0911 0909 0000 0000 0000 0000 0000 0000 0000 0000 0000 0000 0000
 0005-0910 1109 1111 0911 0909 0000 0000 0000 0000 0000 0000 0000 0000 0000 0000 0000
 0005-0910 1109 1111 0911 0909 0000 0000 0000 0000 0000 0000 0000 0000 0000 0000 0000
 0005-0910 1109 1111 0911 0909 0000 0000 0000 0000 0000 0000 0000 0000 0000 0000 0000
 0005-0910 1109 1111 0911 0909 0000 0000 0000 0000 0000 0000 0000 0000 0000 0000 0000
 0005-0910 1109 1111 0911 0909 0000 0000 0000 0000 0000 0000 0000 0000 0000 0000 0000
 0005-0910 1109 1111 0911 0909 0000 0000 0000 0000 0000 0000 0000 0000 0000 0000 0000
 0005-0910 1109 1111 0911 0909 0000 0000 0000 0000 0000 0000 0000 0000 0000 0000 0000
 0005-0910 1109 1111 0911 0909 0000 0000 0000 0000 0000 0000 0000 0000 0000 0000 0000
 0005-0910 1109 1111 0911 0909 0000 0000 0000 0000 0000 0000 0000 0000 0000 0000 0000
 0005-0910 1109 1111 0911 0909 0000 0000 0000 0000 0000 0000 0000 0000 0000 0000 0000
 0005-0910 1109 1111 0911 0909 0000 0000 0000 0000 0000 0000 0000 0000 0000 0000 0000
 0005-0910 1109 1111 0911 0909 0000 0000 0000 0000 0000 0000 0000 0000 0000 0000 0000
 0005-0910 1109 1111 0911 0909 0000 0000 0000 0000 0000 0000 0000 0000 0000 0000 0000
 0005-0910 1109 1111 0911 0909 0000 0000 0000 0000 0000 0000 0000 0000 0000 0000 0000
 0000 0000 0000 0000 0000 0000 0000 0000 0000 0000 0000 0000 0000 0000 0000 0000 0000
 0009-1114 0915 1210 0905 1110 1008 0810 1012 1110 0000 0000 0000 0000 0000 0000 0000
 0008-1016 1013 1107 0910-1210 1013 1107 0910 0000 0000 0000 0000 0000 0000 0000 0000
 0008-1014 1214-1210 0806-1111 0710-1112 1310 0000 0000 0000 0000 0000 0000 0000 0000
 0012-1418 0911 0810 0909 1009 1407 1009 0909 0810 0911-1208 1019 0000 0000 0000 0000
 0012-1017 1012 1210 1008 0810-1205 1012 1210 1008 0810-0810 1417 0000 0000 0000 0000
 0012-1412 0615 1011 1111 1210 1109 1009 0607 1009 1109 1210 1111 0000 0000 0000 0000
 0006-1218 0810 1012 1210 1008 0909 0000 0000 0000 0000 0000 0000 0000 0000 0000 0000
 0004-1212 0812 1013 1212 0000 0000 0000 0000 0000 0000 0000 0000 0000 0000 0000 0000
 0004-1212 1212 1013 0812 0000 0000 0000 0000 0000 0000 0000 0000 0000 0000 0000 0000
 0007-1012 1213 1207-0613 1410-0813 1007 0000 0000 0000 0000 0000 0000 0000 0000 0000
 0004-1015 1410-0812 1006 0000 0000 0000 0000 0000 0000 0000 0000 0000 0000 0000 0000
 0006-1212 0810 1012 1210 1008 0909 0000 0000 0000 0000 0000 0000 0000 0000 0000 0000
 0002-1015 1410 0000 0000 0000 0000 0000 0000 0000 0000 0000 0000 0000 0000 0000 0000
 0005-1012 1012 1210 1008 0810 0000 0000 0000 0000 0000 0000 0000 0000 0000 0000 0000
 0002-1012 1417 0000 0000 0000 0000 0000 0000 0000 1109 1007 0000 0000 0000 0000 0000
 0011-1013 1015 1111 1210 1109 1005 0909 0810 0911-1009 1417 0000 0000 0000 0000 0000
 0005-1116 1213 1003-0910 1210 0000 0000 1111 0000 0000 0000 0000 0000 0000 0000 0000
 0009-1018 1111 1210 1109 1008 0607 1009 1310 1111 0000 0000 0000 0000 0000 0000 0000
 0011-1018 1111 1210 1109 1009 0909 1109 1008 0909 0810 0911 0000 0000 0000 0000 0000
 0006-1415 0610 1314 1003-0910 1210 0000 0000 0000 0000 0000 0000 0000 0000 0000 0000
 0010-1013 1109 1210 1111 1012 0911 0710 1012 1111 1310 0000 0000 0000 0000 0000 0000
 0010-1419 0710 0909 1005 1109 1210 1111 1012 0911 0710 0000 0000 0000 0000 0000 0000
 0004-1018 1111 1310 0703 0000 0000 0000 0000 0000 0000 0000 0000 0000 0000 0000 0000
 0016-1116 0911 1011 1111 1210 1109 1009 0909 0810 0909 1008 1109 1210 1111 1012 0911
 0011-1416 0710 0911 1011 1111 1210 1109 1005 0909 0810 0911 0000 0000 0000 0000 0000
 0010-1217 0810 1012 1210 1008-1005 0810 1012 1210 1008 0000 0000 0000 0000 0000 0000
 0011-1217 0810 1012 1210 1008-1005 0810 1012 1210 1008 0909 0000 0000 0000 0000 0000
 0003-1412 0613 1413 0000 0000 0000 0000 0000 0000 0000 0000 0000 0000 0000 0000 0000
 0004-1014 1410-1012 0610 0000 0000 0000 0000 0000 0000 0000 0000 0000 0000 0000 0000
 0003-1012 1413 0613 0000 0000 0000 0000 0000 0000 0000 0000 0000 0000 0000 0000 0000
 0010-1018 1111 1110 1109 1009 0808 1008 0909 1210 0911 0000 0000 0000 0000 0000 0000
 0012-1413 0909 0810 0911 1015 1111 1110 1109 1007 0811 1011 1211 0000 0000 0000 0000
 0005-1012 1217 1203-0713 1210 0000 0000 0000 0000 0000 0000 0000 0000 0000 0000 0000
 0012-1012 1017 1210 1109 1009 0909-0810 1310 1109 1008 0909 0710 0000 0000 0000 0000
 0008-1418 0911 0810 0909 1005 1109 1210 1111 0000 0000 0000 0000 0000 0000 0000 0000
 0008-1019 1310 1109 1005 0909 0710-1110 1017 0000 0000 0000 0000 0000 0000 0000 0000
 0008-1413 1009 0610 1017 1410 1009-0608 1310 0000 0000 0000 0000 0000 0000 0000 0000
 0006-1012 1017 1410 1009-0608 1310 0000 0000 0000 0000 0000 0000 0000 0000 0000 0000
 0010-1418 0911 0810 0909 1005 1109 1210 1111 1013 0710 0000 0000 0000 0000 0000 0000
 0006-1012 1017-1410 1003-0614 1410 0000 0000 0000 0000 0000 0000 0000 0000 0000 0000
 0006-1212 1017-0910 1210-0803 1210 0000 0000 0000 0000 0000 0000 0000 0000 0000 0000
 0007-1013 1109 1110 1111 1016-0910 1210 0000 0000 0000 0000 0000 0000 0000 0000 0000
 0007-1012 1017-1310 0807 0910-1110 1306 0000 0000 0000 0000 0000 0000 0000 0000 0000
 0004-1019 1003 1410 1011 0000 0000 0000 0000 0000 0000 0000 0000 0000 0000 0000 0000
 0005-1012 1017 1207 1213 1003 0000 0000 0000 0000 0000 0000 0000 0000 0000 0000 0000
 0004-1012 1017 1403 1017 0000 0000 0000 0000 0000 0000 0000 0000 0000 0000 0000 0000
 0009-1013 1015 1111 1210 1109 1005 0909 0810 0911 0000 0000 0000 0000 0000 0000 0000
 0007-1012 1017 1210 1109 1009 0909 0810 0000 0000 0000 0000 0000 0000 0000 0000 0000
 0011-1013 1015 1111 1210 1109 1005 0909 0810 0911-1310 1109 0000 0000 0000 0000 0000
 0009-1012 1017 1210 1109 1009 0909 0810-1210 1206 0000 0000 0000 0000 0000 0000 0000
 0010-1318 0911 0910 0909 1009 1407 1009 0909 0810 0911 0000 0000 0000 0000 0000 0000
 0006-1212 1017-0809 1011 1410 1009 0000 0000 0000 0000 0000 0000 0000 0000 0000 0000
 0006-1019 1004 1109 1210 1111 1016 0000 0000 0000 0000 0000 0000 0000 0000 0000 0000
 0003-1019 1203 1217 0000 0000 0000 0000 0000 0000 0000 0000 0000 0000 0000 0000 0000
 0005-1019 1103 1113 1107 1117 0000 0000 0000 0000 0000 0000 0000 0000 0000 0000 0000
 0004-1019 1403-0610 1417 0000 0000 0000 0000 0000 0000 0000 0000 0000 0000 0000 0000
 0005-1212 1014 1213-0610 1207 0000 0000 0000 0000 0000 0000 0000 0000 0000 0000 0000
 0006-1018 1111 1310 0603 1410 1011 0000 0000 0000 0000 0000 0000 0000 0000 0000 0000
 0004-1212 0810 1017 1210 0000 0000 0000 0000 0000 0000 0000 0000 0000 0000 0000 0000
 0002-1019 1403 0000 0000 0000 0000 0000 0000 0000 0000 0000 0000 0000 0000 0000 0000
 0004-1019 1210 1003 0810 0000 0000 0000 0000 0000 0000 0000 0000 0000 0000 0000 0000
 0003-1018 1212 1208 0000 0000 0000 0000 0000 0000 0000 0000 0000 0000 0000 0000 0000
 0002-1012 1410 0000 0000 0000 0000 0000 0000 0000 0000 0000 0000 0000 0000 0000 0000
 0006-1019 1210 1008 0810 1012 1111 0000 0000 0000 0000 0000 0000 0000 0000 0000 0000
 0011-1414 0710 0909 1109 1210 1111-0612 1111 1210 1109 1007 0000 0000 0000 0000 0000
 0007-1015 1210 1109 1009 0909 0810 1016 0000 0000 0000 0000 0000 0000 0000 0000 0000
 0008-1315 0911 0910 0909 1008 1109 1110 1111 0000 0000 0000 0000 0000 0000 0000 0000
 0012-1315 0911 0910 0909 1008 1109 1110 1111 1014 0911 0910 0909 0000 0000 0000 0000
 0010-1014 1210 1111 0911 0910 0909 1008 1109 1110 1111 0000 0000 0000 0000 0000 0000
 0007-1112 1015 1111 1110 1109-0608 1210 0000 0000 0000 0000 0000 0000 0000 0000 0000
 0013-1313 0909 0910 0911 1012 1111 1110 1109-1011 1005 0909 0910 0911 0000 0000 0000
 0007-1012 1016-1007 1111 1110 1109 1007 0000 0000 0000 0000 0000 0000 0000 0000 0000
 0009-1117 0911 1210 0909-1009 1007 1109 1110 1111 0000 0000 0000 0000 0000 0000 0000
 0009-1217 0911 1210 0909-1009 1005 0909 0910 0911 0000 0000 0000 0000 0000 0000 0000
 0007-1012 1015-1209 0908 0910-1110 1208 0000 0000 0000 0000 0000 0000 0000 0000 0000
 0010-1015 1110 1111 1012 0911 0909 1005 1109 1110 1111 0000 0000 0000 0000 0000 0000
 0009-1012 1013 1111 1109 1007-1013 1111 1109 1007 0000 0000 0000 0000 0000 0000 0000
 0008-1012 1014-1009 1111 1110 1109 1007 1111 0000 0000 0000 0000 0000 0000 0000 0000
 0009-1015 1111 1110 1109 1008 0909 0910 0911 1012 0000 0000 0000 0000 0000 0000 0000
 0007 1015 1111 1110 1109 1008 0909 0810 0000 0000 0000 0000 0000 0000 0000 0000 0000
 0011-1313 0909 0910 0911 1012 1111 1110 1109-1011 1004 1112 0000 0000 0000 0000 0000
 0005-1012 1014-1009 1211 1109 0000 0000 0000 0000 0000 0000 0000 0000 0000 0000 0000
 0007-1315 0911 0909 1208 0909 0910 0911 0000 0000 0000 0000 0000 0000 0000 0000 0000
 0007-1118 1005 1109 1110 1111-0612 1210 0000 0000 0000 0000 0000 0000 0000 0000 0000
 0007-1016 1007 1109 1111-1013 1006 1111 0000 0000 0000 0000 0000 0000 0000 0000 0000
 0008-1016 1007 1109 1110 1111 1012 0911 1210 0000 0000 0000 0000 0000 0000 0000 0000
 0007-1016 1007 1109 1111 1109 1111 1013 0000 0000 0000 0000 0000 0000 0000 0000 0000
 0004-1016 1306-0710 1314 0000 0000 0000 0000 0000 0000 0000 0000 0000 0000 0000 0000
 0009-1016 1007 1109 1110 1111-1013 1005 0909 0910 0000 0000 0000 0000 0000 0000 0000
 0008-1015 1111 1210 0706 1210 1111-0811 1210 0000 0000 0000 0000 0000 0000 0000 0000
 0009-1318 0910 0909 1009 0909 1109 1009 1109 1110 0000 0000 0000 0000 0000 0000 0000
 0004-1219 1007-1009 1007 0000 0000 0000 0000 0000 0000 0000 0000 0000 0000 0000 0000
 0009-1118 1110 1109 1009 1109 0909 1009 0909 0910 0000 0000 0000 0000 0000 0000 0000
 0004-1015 1111 1209 1111 0000 0000 0000 0000 0000 0000 0000 0000 0000 0000 0000 0000
 0011-1015 1111 1110 1109 1008 0909 0910 0911 1012-1007 1314 0000 0000 0000 0000 0000
 0008-1012 1016 1111 1210 1109 1104-0513 1410 0000 0000 0000 0000 0000 0000 0000 0000
 0010-1418 1011 0610 1004 1109 1210 1111 1012 0911 0710 0000 0000 0000 0000 0000 0000
 0012-1012 1017 1210 1109 1009 0909-0810 1310 1109 1008 0909 0710 0000 0000 0000 0000
 0006-1418 1011 0710 1003-0910 1210 0000 0000 0000 0000 0000 0000 0000 0000 0000 0000
 0008-1011 1011 1510 1009-0611 1117 1210 1003 0000 0000 0000 0000 0000 0000 0000 0000
 0008-1413 1009 0610 1017 1410 1009-0608 1310 0000 0000 0000 0000 0000 0000 0000 0000
 0010-1019 1107 1210 1113-0810 1003-0810 1114-1210 1106 0000 0000 0000 0000 0000 0000
 0011-1118 1111 1110 1109 1009 0909 1109 1008 0909 0810 0911 0000 0000 0000 0000 0000
 0005-1019 1003 1414-1013 1003 0000 0000 0000 0000 0000 0000 0000 0000 0000 0000 0000
 0009-1019 1003 1414-1013 1003-0618 1410 0809 0811 0000 0000 0000 0000 0000 0000 0000
 0007-1012 1017-1310 0807 0910-1110 1306 0000 0000 0000 0000 0000 0000 0000 0000 0000
 0005-1012 1112 1115 1210 1003 0000 0000 0000 0000 0000 0000 0000 0000 0000 0000 0000
 0005-1012 1017 1207 1213 1003 0000 0000 0000 0000 0000 0000 0000 0000 0000 0000 0000
 0006-1012 1017-1410 1003-0614 1410 0000 0000 0000 0000 0000 0000 0000 0000 0000 0000
 0009-1013 1015 1111 1210 1109 1005 0909 0810 0911 0000 0000 0000 0000 0000 0000 0000
 0004-1012 1017 1410 1003 0000 0000 0000 0000 0000 0000 0000 0000 0000 0000 0000 0000
 0007-1012 1017 1210 1109 1009 0909 0810 0000 0000 0000 0000 0000 0000 0000 0000 0000
 0008-1418 0911 0810 0909 1005 1109 1210 1111 0000 0000 0000 0000 0000 0000 0000 0000
 0006-1212 1017-0809 1011 1410 1009 0000 0000 0000 0000 0000 0000 0000 0000 0000 0000
 0009-1119 1008 1109 1210-1013 1004 0909 0810 0911 0000 0000 0000 0000 0000 0000 0000
 0013-1017 1009 1109 1210 1111 1011 0911 0810 0909-1212 1003-0910 1210 0000 0000 0000
 0004-1019 1403-0610 1417 0000 0000 0000 0000 0000 0000 0000 0000 0000 0000 0000 0000
 0007-1019 1003 1310 1017-1003 1110 1009 0000 0000 0000 0000 0000 0000 0000 0000 0000
 0008-1019 1008 1109 1210-1013 1003-0910 1210 0000 0000 0000 0000 0000 0000 0000 0000
 0007-1019 1003 1210 1017-1003 1210 1017 0000 0000 0000 0000 0000 0000 0000 0000 0000
 0010-1019 1003 1210 1017-1003 1210 1017-1003 1110 1009 0000 0000 0000 0000 0000 0000
 0009-1018 1011 1110 1003 1210 1111 1012 0911 0810 0000 0000 0000 0000 0000 0000 0000
 0009-1019 1003 1210 1111 1012 0911 0810-1413 1003 0000 0000 0000 0000 0000 0000 0000
 0007-1019 1003 1210 1111 1012 0911 0810 0000 0000 0000 0000 0000 0000 0000 0000 0000
 0010-1018 1111 1210 1109 1005 0909 0810 0911-1113 1310 0000 0000 0000 0000 0000 0000
 0013-1012 1017-1007 1110 1012 1111 1110 1109 1005 0909 0910 0911 1013 0000 0000 0000
 0009-1416 0810 0911 1011 1111 1210 1003-0914 0706 0000 0000 0000 0000 0000 0000 0000
 0011-1414 0710 0909 1109 1210 1111-0612 1111 1210 1109 1007 0000 0000 0000 0000 0000
 0012-1316 0810 0909 1008 1109 1210 1111 1012 0713 1111 1210 1009 0000 0000 0000 0000
 0012-1012 1017 1110 1109 1008 0909-0910 1210 1109 1009 0909 0810 0000 0000 0000 0000
 0008-1015 1111 1110 1109 0808 1109 1110 1111 0000 0000 0000 0000 0000 0000 0000 0000
 0013-1313 0909 0910 0911 1012 1111 1110 1109-1011 1005 0909 0910 0911 0000 0000 0000
 0010-1014 1210 1111 0911 0910 0909 1008 1109 1110 1111 0000 0000 0000 0000 0000 0000
 0010-1012 1112 1210 1108-0614 1108-1210 1112-0810 1006 0000 0000 0000 0000 0000 0000
 0009-1115 1111 1109 0909 1109 1008 0909 0911 1313 0000 0000 0000 0000 0000 0000 0000
 0007-1016 1007 1109 1211-1013 1006 1111 0000 0000 0000 0000 0000 0000 0000 0000 0000
 0011-1016 1007 1109 1111-1013 1006 1111-0714 1210 0909 0911 0000 0000 0000 0000 0000
 0007-1012 1015-1209 0908 0910-1110 1208 0000 0000 0000 0000 0000 0000 0000 0000 0000
 0005-1012 1113 1111 1110 1006 0000 0000 0000 0000 0000 0000 0000 0000 0000 0000 0000
 0006-1012 1111 1113 1108 1112 1006 0000 0000 0000 0000 0000 0000 0000 0000 0000 0000
 0006-1012 1014-1008 1310-1012 1006 0000 0000 0000 0000 0000 0000 0000 0000 0000 0000
 0009-1015 1111 1110 1109 1008 0909 0910 0911 1012 0000 0000 0000 0000 0000 0000 0000
 0008-1012 1014-1009 1111 1110 1109 1007 1111 0000 0000 0000 0000 0000 0000 0000 0000
 0004-1012 1217 1203 0610 0000 0000 0000 0000 0000 0000 0000 0000 0000 0000 0000 0000
 0013-1013 1015 1111 1210 1109 1005 0909 0810 0911-1012 1111 1209 1111 0000 0000 0000
 0014-1018 1011 1410 1009-1005 1009 0610 1011-1112 1012-1009 1210-1011 1008 0000 0000
 0007-1413 1009 0610 1214 0813 1310 1009 0000 0000 0000 0000 0000 0000 0000 0000 0000
 0010-1019 1008 1109 1210 1111 1012-0810 1003-0910 1210 0000 0000 0000 0000 0000 0000
 0010-1012 1111 0911 1014 1111 1210 1109 1006 0909 1109 0000 0000 0000 0000 0000 0000
 0006-1119 1310 1003 0610-1114 1310 0000 0000 0000 0000 0000 0000 0000 0000 0000 0000
 0005-1019 1203 1217-0707 1210 0000 0000 0000 0000 0000 0000 0000 0000 0000 0000 0000
 0007-1416 0907 0809 0911 1111 1308 1111 0000 0000 0000 0000 0000 0000 0000 0000 0000
 0009 1018 1210 1109 1009 0909 1109 1009 0909 0810 0000 0000 0000 0000 0000 0000 0000
 0005-1018 1108 1104 1116 1112 0000 0000 0000 0000 0000 0000 0000 0000 0000 0000 0000
 0012-1316 0810 0909 1008 1109 1210 1111 1012 0713 1111 1110 1109 0000 0000 0000 0000
 0009-1315 0911 0910 0909 1109 0909 1109 1110 1111 0000 0000 0000 0000 0000 0000 0000
 0010-1116 0909 1009 1109 1210 1111 1011 0911 0910 1005 0000 0000 0000 0000 0000 0000
 0011-1414 0710 0909 1109 1210 1111-0612 1111 1210 1109 1007 0000 0000 0000 0000 0000
 0008-1012 1014-1009 1111 1110 1109 1006 1109 0000 0000 0000 0000 0000 0000 0000 0000
 0011-1414 0710 0909 1109 1210 1111-0612 1111 1210 1109 1007 0000 0000 0000 0000 0000
 0011-1017 1111 1110 1109 1006 0909 0910 0911 1014-1008 1310 0000 0000 0000 0000 0000
 0005-1019 1207 1206-0610 1214 0000 0000 0000 0000 0000 0000 0000 0000 0000 0000 0000
 0005-1011 1115 1108 1112 1006 0000 0000 0000 0000 0000 0000 0000 0000 0000 0000 0000
 0004-1016 1109 1107 1214 0000 0000 0000 0000 0000 0000 0000 0000 0000 0000 0000 0000
 0006-1216 1110 0809 1209 0809 1207 0000 0000 0000 0000 0000 0000 0000 0000 0000 0000
 0011-1113 1110 1111 1011 0911 0910 0909 1009 1208 1009 0909 0000 0000 0000 0000 0000
 0008-1013 1109 1111 1012-0810 1111 1209 1111 0000 0000 0000 0000 0000 0000 0000 0000
 0011-1414 0710 0909 1109 1210 1111-0612 1111 1210 1109 1007 0000 0000 0000 0000 0000
 0007-1016 1107 1109 1111 1113-0810 1004 0000 0000 0000 0000 0000 0000 0000 0000 0000
 0009-1116 0909 1008 1109 1112 1108 1111 1012 0911 0000 0000 0000 0000 0000 0000 0000
 0008-1016 1110 1204 1110-0610 1110 1216 1110 0000 0000 0000 0000 0000 0000 0000 0000
 0008-1016 1007 1109 1110 1111 1012 0911 1110 0000 0000 0000 0000 0000 0000 0000 0000
 0007-1313 0909 0910 0911 1012 1312 0810 0000 0000 0000 0000 0000 0000 0000 0000 0000
 0011 1111 1007-1210 1111 1011 0911 0909 1009 1109 0000 0000 0000 0000 0000 0000 0000
 0006-1014 1410-1012 0610-1411 0606 0000 0000 0000 0000 0000 0000 0000 0000 0000 0000
 0006-1012 1013 1111 1110 1109 1007 0000 0000 0000 0000 0000 0000 0000 0000 0000 0000
 0006-1016 1007 1109 1110 1111 1013 0000 0000 0000 0000 0000 0000 0000 0000 0000 0000
 0006-1413 0710 0911 1011 1111 1310 0000 0000 0000 0000 0000 0000 0000 0000 0000 0000
 0006-1013 1310 1111 1011 0911 0710 0000 0000 0000 0000 0000 0000 0000 0000 0000 0000
 0011-1414 0710 0909 1109 1210 1111-0612 1111 1210 1109 1007 0000 0000 0000 0000 0000
 0011-1414 0710 0909 1109 1210 1111-0612 1111 1210 1109 1007 0000 0000 0000 0000 0000
 0011-1414 0710 0909 1109 1210 1111-0612 1111 1210 1109 1007 0000 0000 0000 0000 0000
 0011-1414 0710 0909 1109 1210 1111-0612 1111 1210 1109 1007 0000 0000 0000 0000 0000
 0011-1414 0710 0909 1109 1210 1111-0612 1111 1210 1109 1007 0000 0000 0000 0000 0000
 0011-1414 0710 0909 1109 1210 1111-0612 1111 1210 1109 1007 0000 0000 0000 0000 0000
 0011-1414 0710 0909 1109 1210 1111-0612 1111 1210 1109 1007 0000 0000 0000 0000 0000
 0011-1414 0710 0909 1109 1210 1111-0612 1111 1210 1109 1007 0000 0000 0000 0000 0000
 0011-1414 0710 0909 1109 1210 1111-0612 1111 1210 1109 1007 0000 0000 0000 0000 0000
 0011-1414 0710 0909 1109 1210 1111-0612 1111 1210 1109 1007 0000 0000 0000 0000 0000
 0011-1414 0710 0909 1109 1210 1111-0612 1111 1210 1109 1007 0000 0000 0000 0000 0000
 0011-1414 0710 0909 1109 1210 1111-0612 1111 1210 1109 1007 0000 0000 0000 0000 0000
 0007 1015 1111 1110 1109 1008 0909 0810 0000 0000 0000 0000 0000 0000 0000 0000 0000
 0008-1315 0911 0910 0909 1008 1109 1110 1111 0000 0000 0000 0000 0000 0000 0000 0000
 0009-1012 1013 1111 1109 1007-1013 1111 1109 1007 0000 0000 0000 0000 0000 0000 0000
 0009-1016 1007 1109 1110 1111-1013 1005 0909 0910 0000 0000 0000 0000 0000 0000 0000
 0011-1013 1012 1111 1210 1109 1008 0909 0810 0911-1213 1004 0000 0000 0000 0000 0000
 0004-1016 1306-0710 1314 0000 0000 0000 0000 0000 0000 0000 0000 0000 0000 0000 0000
 0008-1016 1007 1109 1111-1013 1006 1110 1009 0000 0000 0000 0000 0000 0000 0000 0000
 0005-1016 1109 1211 0906 1211 0000 0000 0000 0000 0000 0000 0000 0000 0000 0000 0000
 0007-1016 1006 1210 1014-1006 1210 1014 0000 0000 0000 0000 0000 0000 0000 0000 0000
 0010-1016 1006 1210 1014-1006 1210 1014-1006 1110 1009 0000 0000 0000 0000 0000 0000
 0009-1115 1210 1109 1009 0909 0810 1014 0910 1009 0000 0000 0000 0000 0000 0000 0000
 0009-1015 1210 1109 1009 0909 0810 1014-1410 1006 0000 0000 0000 0000 0000 0000 0000
 0007-1115 1210 1109 1009 0909 0810 1014 0000 0000 0000 0000 0000 0000 0000 0000 0000
 0010-1015 1111 1110 1109 1008 0909 0910 0911-1111 1210 0000 0000 0000 0000 0000 0000
 0013-1012 1014-1008 1110 1011 1111 1110 1109 1008 0909 0910 0911 1011 0000 0000 0000
 0011-1213 0911 1011 1111 1110 1109 1007-0610 1211 1110 1111 0000 0000 0000 0000 0000
 0010-1418 0911 0810 0909 1005 1109 1210 1111-0913 0710 0000 0000 0000 0000 0000 0000
 0010-1315 0911 0910 0909 1008 1109 1110 1111-0911 0810 0000 0000 0000 0000 0000 0000
 0008-1011 1110 1111 1011 0815 1011 1111 1110 0000 0000 0000 0000 0000 0000 0000 0000
 0004-1016 1106 1117 1210 0000 0000 0000 0000 0000 0000 0000 0000 0000 0000 0000 0000
 0004-1014 1111 1209 1111 0000 0000 0000 0000 0000 0000 0000 0000 0000 0000 0000 0000
 0009-1012 1111 1012-1210 1007-0713 1111 1209 1111 0000 0000 0000 0000 0000 0000 0000
 0005-1014 1410-0811 1209 0809 0000 0000 0000 0000 0000 0000 0000 0000 0000 0000 0000
 0005-1014 1410-0811 0809 1209 0000 0000 0000 0000 0000 0000 0000 0000 0000 0000 0000
 0005-1216 1006-0912 1108 1112 0000 0000 0000 0000 0000 0000 0000 0000 0000 0000 0000
 0005-1216 1006-0912 1112 1108 0000 0000 0000 0000 0000 0000 0000 0000 0000 0000 0000
 0012-1014 1410-0811 0911 1111 1109 0909-1008 0909 1109 1111 0911 0000 0000 0000 0000
 0006-1016 1410-0812 1006-0809 1410 0000 0000 0000 0000 0000 0000 0000 0000 0000 0000
 0005-1012 1017 1203 1117 1110 0000 0000 0000 0000 0000 0000 0000 0000 0000 0000 0000
 0013-1116 1011 1111 1110 1109 1009 0909 0910 0911-1009 1313-0710 1307 0000 0000 0000
 0011-1414 0710 0909 1109 1210 1111-0612 1111 1210 1109 1007 0000 0000 0000 0000 0000
